85.45454545454545
84.54545454545455
84.54545454545455
86.36363636363636
83.63636363636363
87.27272727272727
85.45454545454545
81.81818181818183
80.0
80.0
82.72727272727273
80.0
72.72727272727273
82.72727272727273
83.63636363636363
72.72727272727273
77.27272727272727
78.18181818181819
77.27272727272727
80.9090909090909
77.27272727272727
88.18181818181819
81.81818181818183
84.54545454545455
81.81818181818183
80.9090909090909
83.63636363636363
77.27272727272727
81.81818181818183
80.9090909090909
80.0
83.63636363636363
86.36363636363636
80.0
73.63636363636363
77.27272727272727
78.18181818181819
77.27272727272727
89.0909090909091
81.81818181818183
80.9090909090909
83.63636363636363
80.0
79.0909090909091
82.72727272727273
82.72727272727273
83.63636363636363
77.27272727272727
85.45454545454545
87.27272727272727
