86.36363636363636
87.27272727272727
82.72727272727273
84.54545454545455
81.81818181818183
86.36363636363636
91.81818181818183
89.0909090909091
79.0909090909091
82.72727272727273
85.45454545454545
90.0
73.63636363636363
82.72727272727273
82.72727272727273
73.63636363636363
80.0
80.9090909090909
83.63636363636363
78.18181818181819
75.45454545454545
82.72727272727273
84.54545454545455
85.45454545454545
81.81818181818183
76.36363636363637
85.45454545454545
79.0909090909091
78.18181818181819
82.72727272727273
84.54545454545455
81.81818181818183
81.81818181818183
87.27272727272727
85.45454545454545
79.0909090909091
79.0909090909091
83.63636363636363
90.9090909090909
87.27272727272727
82.72727272727273
86.36363636363636
80.0
84.54545454545455
87.27272727272727
87.27272727272727
84.54545454545455
79.0909090909091
84.54545454545455
88.18181818181819
